03 03 03 03 03 03 03 03 03 03 03 03 03 03 03 03 03 03 03 03 03 03 03 03 03 03 03 03 03 03 03 03 03 03 03 03 
03 03 03 03 03 03 03 03 03 03 03 03 03 03 03 03 03 03 03 03 03 03 03 03 03 03 03 03 03 03 03 03 03 03 03 03
03 03 03 03 03 03 03 03 03 03 03 03 03 03 03 03 03 03 03 03 03 03 03 03 03 03 03 03 03 03 03 03 03 03 03 03
03 03 03 03 03 03 03 03 03 03 03 03 03 03 03 03 03 03 03 03 03 03 03 03 03 03 03 03 03 03 03 03 03 03 03 03
03 03 03 03 03 03 03 29 23 23 23 23 23 23 23 23 23 23 23 30 03 03 03 03 03 03 03 03 03 03 03 03 03 03 03 03
03 03 03 03 03 03 03 26 40 24 24 24 24 24 24 24 24 24 39 25 03 03 03 03 03 03 03 03 03 03 03 03 03 03 03 03
03 03 03 03 03 03 03 26 25 53 69 47 48 47 49 47 48 71 26 25 03 03 03 03 03 03 03 03 03 03 03 03 03 03 03 03
03 03 03 03 03 03 03 26 25 01 70 50 52 50 51 50 51 72 26 25 03 03 03 03 03 03 03 03 03 03 03 03 03 03 03 03
03 03 03 03 03 03 03 26 25 97 97 97 97 97 97 97 66 67 26 25 03 03 03 03 03 03 03 03 03 03 03 03 03 03 03 03
03 03 03 03 03 03 03 26 25 97 97 97 97 97 97 97 97 68 26 25 03 03 03 03 03 03 03 03 03 03 03 03 03 03 03 03
03 03 03 03 03 03 03 26 25 97 62 63 64 97 62 63 64 97 26 25 03 03 03 03 03 03 03 03 03 03 03 03 03 03 03 03
03 03 03 03 03 03 03 26 25 97 65 65 65 97 65 65 65 97 26 25 03 03 03 03 03 03 03 03 03 03 03 03 03 03 03 03
03 03 03 03 03 03 03 26 25 97 62 63 64 97 62 63 64 97 26 25 03 03 03 03 03 03 03 03 03 03 03 03 03 03 03 03
03 03 03 03 03 03 03 26 25 97 65 65 65 97 65 65 65 97 26 25 03 03 03 03 03 03 03 03 03 03 03 03 03 03 03 03
03 03 03 03 03 03 03 26 25 97 62 63 64 97 62 63 64 97 26 25 03 03 03 03 03 03 03 03 03 03 03 03 03 03 03 03
03 03 03 03 03 03 03 26 25 97 65 65 65 97 65 65 65 97 26 25 03 03 03 03 03 03 03 03 03 03 03 03 03 03 03 03
03 03 03 03 03 03 03 26 25 97 97 97 97 97 97 97 97 97 26 25 03 03 03 03 03 03 03 03 03 03 03 03 03 03 03 03
03 03 03 03 03 03 03 26 38 23 23 23 30 97 29 23 23 23 37 25 03 03 03 03 03 03 03 03 03 03 03 03 03 03 03 03
03 03 03 03 03 03 03 27 24 24 24 24 28 97 27 24 24 24 24 28 03 03 03 03 03 03 03 03 03 03 03 03 03 03 03 03
03 03 03 03 03 03 03 01 01 01 01 01 01 97 01 01 01 01 01 01 03 03 03 03 03 03 03 03 03 03 03 03 03 03 03 03
03 03 03 03 03 03 03 03 03 03 03 03 03 03 03 03 03 03 03 03 03 03 03 03 03 03 03 03 03 03 03 03 03 03 03 03
03 03 03 03 03 03 03 03 03 03 03 03 03 03 03 03 03 03 03 03 03 03 03 03 03 03 03 03 03 03 03 03 03 03 03 03
03 03 03 03 03 03 03 03 03 03 03 03 03 03 03 03 03 03 03 03 03 03 03 03 03 03 03 03 03 03 03 03 03 03 03 03
03 03 03 03 03 03 03 03 03 03 03 03 03 03 03 03 03 03 03 03 03 03 03 03 03 03 03 03 03 03 03 03 03 03 03 03
03 03 03 03 03 03 03 03 03 03 03 03 03 03 03 03 03 03 03 03 03 03 03 03 03 03 03 03 03 03 03 03 03 03 03 03
03 03 03 03 03 03 03 03 03 03 03 03 03 03 03 03 03 03 03 03 03 03 03 03 03 03 03 03 03 03 03 03 03 03 03 03
03 03 03 03 03 03 03 03 03 03 03 03 03 03 03 03 03 03 03 03 03 03 03 03 03 03 03 03 03 03 03 03 03 03 03 03
03 03 03 03 03 03 03 03 03 03 03 03 03 03 03 03 03 03 03 03 03 03 03 03 03 03 03 03 03 03 03 03 03 03 03 03
03 03 03 03 03 03 03 03 03 03 03 03 03 03 03 03 03 03 03 03 03 03 03 03 03 03 03 03 03 03 03 03 03 03 03 03
03 03 03 03 03 03 03 03 03 03 03 03 03 03 03 03 03 03 03 03 03 03 03 03 03 03 03 03 03 03 03 03 03 03 03 03
03 03 03 03 03 03 03 03 03 03 03 03 03 03 03 03 03 03 03 03 03 03 03 03 03 03 03 03 03 03 03 03 03 03 03 03
03 03 03 03 03 03 03 03 03 03 03 03 03 03 03 03 03 03 03 03 03 03 03 03 03 03 03 03 03 03 03 03 03 03 03 03
03 03 03 03 03 03 03 03 03 03 03 03 03 03 03 03 03 03 03 03 03 03 03 03 03 03 03 03 03 03 03 03 03 03 03 03
03 03 03 03 03 03 03 03 03 03 03 03 03 03 03 03 03 03 03 03 03 03 03 03 03 03 03 03 03 03 03 03 03 03 03 03
03 03 03 03 03 03 03 03 03 03 03 03 03 03 03 03 03 03 03 03 03 03 03 03 03 03 03 03 03 03 03 03 03 03 03 03
03 03 03 03 03 03 03 03 03 03 03 03 03 03 03 03 03 03 03 03 03 03 03 03 03 03 03 03 03 03 03 03 03 03 03 03